function a = A(k)
a = [1 1/10 1/20; 1/10 1 1/10; 1/20 1/10 1/10];