function x_0 = X_0
x_0 = [1 1 0; 1 4 0; 0 0 3];