function x_0 = X_0
%x_0 = [1 0 0 0; 0 1 0 0; 0 0 1 0; 0 0 0 1];
%x_0 = [2 0 1; 0 2 0; 1 0 2];
x_0 = [0.5 0 0; 0 1 0; 0 0 2];