function x_0 = X_0
x_0 = [1 0 0; 0 0 0; 0 0 5];